1.000000000000000000e+00
1.803269518154144435e-01
9.848392740238043341e-02
7.676106294934167962e-02
6.836218644881510154e-02
6.479002476535605792e-02
6.316214115676102581e-02
6.236683987829592241e-02
6.194963594536213175e-02
6.171399558786379996e-02
6.157145119992244592e-02
6.147978631400610044e-02
6.141728873330239147e-02
6.137271708559698807e-02
6.133953398550903713e-02
6.131370598960781543e-02
6.129288408738745031e-02
6.127579197046543330e-02
6.126125229231442482e-02
6.124877274756627965e-02
6.123791218953311688e-02
6.122843413038145388e-02
6.121994052037431355e-02
6.121229402795724112e-02
6.120548451294782755e-02
6.119929114503340484e-02
6.119364514126744703e-02
6.118855596747727749e-02
6.118388524557386021e-02
6.117955733668277440e-02
6.117557359176736126e-02
6.117188188489080386e-02
6.116847037238369589e-02
6.116527613261963509e-02
6.116231291776838552e-02
6.115953388043839090e-02
6.115690819831202246e-02
6.115442750129559263e-02
6.115209596737348346e-02
6.114989506886953086e-02
6.114782668907858820e-02
6.114587284486218410e-02
6.114402397123046284e-02
6.114225882685476315e-02
6.114059326216329110e-02
6.113898171357389638e-02
6.113742347045503928e-02
6.113592513374267040e-02
6.113449189194199163e-02
6.113311239921832146e-02
6.113177967362631859e-02
6.113047741087933307e-02
6.112922009658922767e-02
6.112801513907858281e-02
6.112685008216788701e-02
6.112573999738765002e-02
6.112466252515265375e-02
6.112362154211005427e-02
6.112261249691332970e-02
6.112163257467398414e-02
6.112068280225575051e-02
6.111976985807204832e-02
6.111889123877806140e-02
6.111804391691450650e-02
6.111721830342806833e-02
6.111641332900989709e-02
6.111563672712969075e-02
6.111488790834581492e-02
6.111416011204148097e-02
6.111345146722994143e-02
6.111276109689973979e-02
6.111208636336214889e-02
6.111143301590024612e-02
6.111079728592649918e-02
6.111017651747199797e-02
6.110957909019987255e-02
6.110900163850976896e-02
6.110844107416251586e-02
6.110789114355701795e-02
6.110735268775706330e-02
6.110682431825403826e-02
6.110630394972610402e-02
6.110579543815552322e-02
6.110530124726978179e-02
6.110481175929374092e-02
6.110433736949331257e-02
6.110387530695021024e-02
6.110342367168248440e-02
6.110298345595547437e-02
6.110254810537218279e-02
6.110212129425712790e-02
6.110169259789398344e-02
6.110126865983267486e-02
6.110085240668049200e-02
6.110044224371345006e-02
6.110003704119669476e-02
6.109963962099061036e-02
6.109925164050530877e-02
6.109886854821844349e-02
6.109849134522041258e-02
