1.000000000000000000e+00
2.505980053075077540e-01
1.305957864113441169e-01
9.366779808426266285e-02
7.764998007010324999e-02
6.974242354890601570e-02
6.558379671041086878e-02
6.331850332637499468e-02
6.205682931229569710e-02
6.133152278614101977e-02
6.090233797189770898e-02
6.064141588763276997e-02
6.047979799750697466e-02
6.037623479236176038e-02
6.030698341221493036e-02
6.025925424848439793e-02
6.022555485108121304e-02
6.020091917943451443e-02
6.018242878394044343e-02
6.016825066974510611e-02
6.015689955800494759e-02
6.014751375078731394e-02
6.013971890200583981e-02
6.013310606405435077e-02
6.012746638433018320e-02
6.012256210352771163e-02
6.011822694795044414e-02
6.011451142768488992e-02
6.011112439830021414e-02
6.010811588285745743e-02
6.010545882283525876e-02
6.010293299553290391e-02
6.010059704988283263e-02
6.009845061329360111e-02
6.009650362025627940e-02
6.009470520010813666e-02
6.009302813840973478e-02
6.009146888928823538e-02
6.009003887730213905e-02
6.008875246210736154e-02
6.008752579051355319e-02
6.008636387614077479e-02
6.008528795322704702e-02
6.008428195097749447e-02
6.008331520843258888e-02
6.008237661500904353e-02
6.008149998971807487e-02
6.008060721455383418e-02
6.007975149258624331e-02
6.007895908407006463e-02
6.007819246821485826e-02
6.007745976303382335e-02
6.007673820781164742e-02
6.007606692529871700e-02
6.007543967886976033e-02
6.007484696070216484e-02
6.007427019312346073e-02
6.007372240261217577e-02
6.007319534619259133e-02
6.007269080891557839e-02
6.007220678338337505e-02
6.007174345190072207e-02
6.007128128276827822e-02
6.007084057782884068e-02
6.007040552604951678e-02
6.006999510388204289e-02
6.006961494453720574e-02
6.006925265984245504e-02
6.006890598258474157e-02
6.006854169150193518e-02
6.006818649211836253e-02
6.006784579487210035e-02
6.006751506955117920e-02
6.006718420044689088e-02
6.006686165047601250e-02
6.006656378810812380e-02
6.006629432582103606e-02
6.006603207106780973e-02
6.006578002402826466e-02
6.006554049508280868e-02
6.006530159806299646e-02
6.006507121180056086e-02
6.006484940770778075e-02
6.006463679670692724e-02
6.006443432153222434e-02
6.006422969769110998e-02
6.006402753599038996e-02
6.006383264468837663e-02
6.006364349337132286e-02
6.006344582998490028e-02
6.006325096237460914e-02
6.006305997466647451e-02
6.006288446778794421e-02
6.006272080615775860e-02
6.006255795517263796e-02
6.006240064805077467e-02
6.006225654379217238e-02
6.006210920887122828e-02
6.006195914846079731e-02
6.006181850144886453e-02
