1.000000000000000000e+00
2.383433302217493610e-01
1.266972263042862312e-01
9.221804120957551032e-02
7.711652917977215860e-02
6.974796841537257708e-02
6.596840068914003319e-02
6.396341405007252567e-02
6.286791328826658865e-02
6.224848138533516789e-02
6.188282480263501695e-02
6.165791798608404733e-02
6.151341493966684670e-02
6.141601466637425233e-02
6.134740135974526415e-02
6.129706997493342135e-02
6.125816727996161865e-02
6.122732443139090874e-02
6.120229482967708828e-02
6.118118135976489957e-02
6.116291271123550088e-02
6.114721726510732869e-02
6.113344637206508114e-02
6.112141770478971003e-02
6.111082895819183736e-02
6.110145395960641518e-02
6.109304873847878209e-02
6.108546541690656334e-02
6.107863734824350854e-02
6.107242809160529085e-02
6.106680026774637116e-02
6.106166715305184900e-02
6.105693022751489812e-02
6.105258526428374716e-02
6.104855636946932701e-02
6.104482611228584377e-02
6.104135478813759591e-02
6.103814155056869195e-02
6.103511016017958146e-02
6.103225603076178202e-02
6.102957284074524841e-02
6.102706244050176004e-02
6.102467410746450355e-02
6.102240913803027439e-02
6.102027903255943797e-02
6.101824201181874768e-02
6.101627326840008969e-02
6.101438633809887907e-02
6.101259631510427134e-02
6.101090046978693143e-02
6.100923688939097200e-02
6.100765429321759054e-02
6.100612229055291796e-02
6.100465687680348831e-02
6.100323458355670636e-02
6.100187275839161899e-02
6.100058058187922405e-02
6.099935674320277473e-02
6.099818608061917391e-02
6.099706722686740884e-02
6.099600241928299776e-02
6.099497782921758232e-02
6.099399244195000819e-02
6.099304304524876680e-02
6.099213198964530819e-02
6.099124152967403539e-02
6.099038287675060538e-02
6.098954784661567152e-02
6.098873674916414217e-02
6.098793192582643852e-02
6.098715103947083965e-02
6.098637975008761730e-02
6.098560059475786194e-02
6.098482830404993588e-02
6.098407243055763843e-02
6.098333453069293419e-02
6.098262321300491895e-02
6.098192985489466617e-02
6.098126110364444213e-02
6.098061152155197229e-02
6.097997802039606396e-02
6.097935574919927104e-02
6.097874407420670467e-02
6.097814491607699700e-02
6.097756257066005298e-02
6.097699575872908562e-02
6.097644686485111792e-02
6.097590896592761794e-02
6.097538363677602880e-02
6.097486881055780295e-02
6.097436463283943675e-02
6.097387424675186629e-02
6.097339668219691616e-02
6.097292541005077532e-02
6.097245952994267970e-02
6.097199946837493501e-02
6.097154724841633011e-02
6.097110392698643078e-02
6.097067416643719984e-02
6.097025589159580511e-02
