1.000000000000000000e+00
2.342741346343638065e-01
1.258897357224219027e-01
9.131724798049578595e-02
7.603085134177701987e-02
6.849727742381132856e-02
6.457841180196084718e-02
6.247121676042662747e-02
6.130084783615725313e-02
6.062900663995670486e-02
6.022711924497602815e-02
5.997583065754301390e-02
5.981191941985523897e-02
5.970090958533558201e-02
5.962242244701242838e-02
5.956448687179135421e-02
5.952047011677913391e-02
5.948579967696688425e-02
5.945773159907657285e-02
5.943432212835957767e-02
5.941457501948265579e-02
5.939774404228999327e-02
5.938294606959324679e-02
5.936982780710378660e-02
5.935830286313436427e-02
5.934796388620779128e-02
5.933863335684649853e-02
5.933009718940802923e-02
5.932244301543311560e-02
5.931540043307052118e-02
5.930897615479120699e-02
5.930298796604269174e-02
5.929735808633981864e-02
5.929213291019966997e-02
5.928730707641870212e-02
5.928279673884896683e-02
5.927859512534083136e-02
5.927469456725710517e-02
5.927106082058567621e-02
5.926763941088824400e-02
5.926440867265490853e-02
5.926139439331125358e-02
5.925858858733831780e-02
5.925595076820854706e-02
5.925345817565001727e-02
5.925107454215092911e-02
5.924883871535421148e-02
5.924672288064845166e-02
5.924464320639136194e-02
5.924267271128028089e-02
5.924079274523991190e-02
5.923896670928691099e-02
5.923721264465630493e-02
5.923555072702375857e-02
5.923398125358778077e-02
5.923248122328535203e-02
5.923104648515373910e-02
5.922966394534096013e-02
5.922832019854700619e-02
5.922704275728501999e-02
5.922581629013159293e-02
5.922464300766477202e-02
5.922350879970254833e-02
5.922242643642246229e-02
5.922138145516585295e-02
5.922036387241737254e-02
5.921935899326037644e-02
5.921839504120128550e-02
5.921745887780499595e-02
5.921655257864705951e-02
5.921566921800280880e-02
5.921481546822034148e-02
5.921398744962179383e-02
5.921317923367366842e-02
5.921238118575701537e-02
5.921159673584119876e-02
5.921082697066230166e-02
5.921003632660824106e-02
5.920926108945556710e-02
5.920850249694323969e-02
5.920777448567756535e-02
5.920707222339034043e-02
5.920639307619319364e-02
5.920573700158129893e-02
5.920510297365167568e-02
5.920448791239812242e-02
5.920389031555452902e-02
5.920330772110413142e-02
5.920273516573933137e-02
5.920217728779599009e-02
5.920162072624155641e-02
5.920107885592566788e-02
5.920055043654388893e-02
5.920003124508185777e-02
5.919952125890105832e-02
5.919901247725411347e-02
5.919851687573747523e-02
5.919803778894355134e-02
5.919757223957709119e-02
5.919711675599034773e-02
