1.000000000000000000e+00
2.363143402573116836e-01
1.292077878800880208e-01
9.512286826838471654e-02
8.000442738744366344e-02
7.256308450389879761e-02
6.869172413609646310e-02
6.661562590212286028e-02
6.546588510246052761e-02
6.480602130023513374e-02
6.441308258286730648e-02
6.416999003885845432e-02
6.401270724599800177e-02
6.390710202133211004e-02
6.383331253833096630e-02
6.377948684327053308e-02
6.373864779374020795e-02
6.370685904970636859e-02
6.368124697021095015e-02
6.366020534815791665e-02
6.364209487459215886e-02
6.362642858462295992e-02
6.361271418816770440e-02
6.360058896653961180e-02
6.358978204435968007e-02
6.358005515416281783e-02
6.357125928400471360e-02
6.356330867457249401e-02
6.355610642970056789e-02
6.354953435051584332e-02
6.354349978726513137e-02
6.353797561302917951e-02
6.353289306232040579e-02
6.352820128024629087e-02
6.352385580879692240e-02
6.351980701323804712e-02
6.351594633043843030e-02
6.351234797265722931e-02
6.350898232128683596e-02
6.350581375692751496e-02
6.350277115772773318e-02
6.349987503154358448e-02
6.349714821976454315e-02
6.349455708277340626e-02
6.349210803684368631e-02
6.348973344851523148e-02
6.348746802124147215e-02
6.348530168724161871e-02
6.348324974141819621e-02
6.348128566366403880e-02
6.347939584613647435e-02
6.347758985604919080e-02
6.347587010863738055e-02
6.347422276711857381e-02
6.347261968406721355e-02
6.347106997302651155e-02
6.346956665269980202e-02
6.346811048847439407e-02
6.346670321511053980e-02
6.346534962835247151e-02
6.346402836200892850e-02
6.346274908184151853e-02
6.346149272295695254e-02
6.346028159017445824e-02
6.345911211366454807e-02
6.345798006024455651e-02
6.345686602754098404e-02
6.345578522411532418e-02
6.345473715150309890e-02
6.345369790369455310e-02
6.345268691888239498e-02
6.345170792751210487e-02
6.345075984941647707e-02
6.344983723795791231e-02
6.344894304837993271e-02
6.344807216069078826e-02
6.344721876124287396e-02
6.344639273839912386e-02
6.344558572371462868e-02
6.344479414183645805e-02
6.344402964797152267e-02
6.344328712380774282e-02
6.344256123952876636e-02
6.344184760548121638e-02
6.344115255150625798e-02
6.344047210927407365e-02
6.343980838898682917e-02
6.343916401832445928e-02
6.343853414681061009e-02
6.343791563670170275e-02
6.343730241996754782e-02
6.343669940785405525e-02
6.343610858207542058e-02
6.343553556686254424e-02
6.343497590972020650e-02
6.343441858777834619e-02
6.343387377110200342e-02
6.343333969949604967e-02
6.343281547683984889e-02
6.343230148297515636e-02
