1.000000000000000000e+00
2.488498445361277123e-01
1.316279091158272796e-01
9.510650011317212105e-02
7.903966832898545736e-02
7.107393024128309811e-02
6.685851185981865619e-02
6.454102917456711053e-02
6.323026261852916774e-02
6.247577464876651748e-02
6.202912144029840841e-02
6.175762512854080649e-02
6.158700869258242755e-02
6.147625505722345562e-02
6.140188225740773192e-02
6.135046377603766560e-02
6.131337528198298192e-02
6.128614273988978317e-02
6.126544946677914966e-02
6.124923182236773761e-02
6.123635383698441265e-02
6.122587857416532386e-02
6.121699617964611317e-02
6.120929987717526471e-02
6.120262507796341012e-02
6.119688591492967317e-02
6.119190266438954279e-02
6.118746524622939442e-02
6.118351058100802292e-02
6.117996002857254562e-02
6.117673732169154333e-02
6.117374785891279559e-02
6.117097074666897477e-02
6.116845807232876298e-02
6.116618958989128441e-02
6.116410871598049193e-02
6.116207061551699742e-02
6.116011116637545125e-02
6.115829234356321559e-02
6.115653001855243104e-02
6.115483709213936220e-02
6.115331036634213263e-02
6.115185776926972822e-02
6.115047139029155393e-02
6.114913696947509719e-02
6.114790650764855701e-02
6.114673005625782115e-02
6.114562516005232762e-02
6.114456576761811285e-02
6.114353798161636933e-02
6.114256970600404073e-02
6.114167638832749413e-02
6.114084722022097157e-02
6.114006961704614856e-02
6.113934266089043196e-02
6.113864376949289248e-02
6.113797735852110476e-02
6.113735504984112862e-02
6.113677076906311875e-02
6.113620831754876250e-02
6.113568474665694724e-02
6.113519624717321521e-02
6.113470874129292576e-02
6.113424735188924264e-02
6.113379452868054204e-02
6.113335564482494378e-02
6.113292248691905295e-02
6.113250427923826863e-02
6.113208318188043111e-02
6.113167279689125932e-02
6.113126536994674398e-02
6.113085018201201010e-02
6.113044939178668286e-02
6.113005747240557453e-02
6.112967991025979736e-02
6.112931762208171499e-02
6.112895419597490221e-02
6.112859805979693750e-02
6.112826785401511559e-02
6.112794724773264882e-02
6.112764399796683651e-02
6.112733098538354615e-02
6.112700908392078997e-02
6.112667864742872548e-02
6.112635177951923626e-02
6.112602616790200477e-02
6.112570232321364733e-02
6.112539493989167794e-02
6.112510618964826781e-02
6.112483443206224998e-02
6.112455350328309389e-02
6.112428361642199826e-02
6.112401706914462329e-02
6.112375757173735269e-02
6.112350835448768227e-02
6.112325032021506677e-02
6.112300616809308862e-02
6.112276844182042146e-02
6.112253498635430993e-02
6.112229462197827506e-02
