1.000000000000000000e+00
2.498245586031748178e-01
1.310691895917567573e-01
9.473113126115904892e-02
7.877000727817302927e-02
7.082171185212776665e-02
6.663363475297698346e-02
6.435404247998355309e-02
6.307130646025607690e-02
6.233877316029462490e-02
6.190582490570326057e-02
6.164012646687909436e-02
6.147149677441781507e-02
6.136169520859392074e-02
6.128835450940055274e-02
6.123801705380570864e-02
6.120239496569306742e-02
6.117622503676675705e-02
6.115633387412797856e-02
6.114064825744955356e-02
6.112797683842487867e-02
6.111744893647957921e-02
6.110853977146000343e-02
6.110086162985332164e-02
6.109422703570200480e-02
6.108838910933701155e-02
6.108317576709419716e-02
6.107845499645631754e-02
6.107430566525589438e-02
6.107051583989994703e-02
6.106712296554784453e-02
6.106397719441242905e-02
6.106100833194204325e-02
6.105834713937355329e-02
6.105584785768493339e-02
6.105342286127393020e-02
6.105114068424216667e-02
6.104906673544228946e-02
6.104715123504873830e-02
6.104533862834454067e-02
6.104358192670788358e-02
6.104193468379929405e-02
6.104042891279472249e-02
6.103902468916427154e-02
6.103771699175634252e-02
6.103647198643685767e-02
6.103530973561880485e-02
6.103420042524099198e-02
6.103309441904955501e-02
6.103204412367541076e-02
6.103103677789175480e-02
6.103004218137755843e-02
6.102910137171967814e-02
6.102820335373392024e-02
6.102733146647468937e-02
6.102648378014466357e-02
6.102566908467967066e-02
6.102488616550313938e-02
6.102410753425422524e-02
6.102336163453777468e-02
6.102263356955396623e-02
6.102191739233810142e-02
6.102122788830031952e-02
6.102056444138365815e-02
6.101991418433747733e-02
6.101927830493175664e-02
6.101864188218444202e-02
6.101802663590071701e-02
6.101742558632936714e-02
6.101683640593519309e-02
6.101625745718296245e-02
6.101569555282515545e-02
6.101515694158409636e-02
6.101462989736827075e-02
6.101410779598485934e-02
6.101358664776877078e-02
6.101307849001038480e-02
6.101256654862421275e-02
6.101207599241083995e-02
6.101160549602910321e-02
6.101115336300164810e-02
6.101072036533321946e-02
6.101030328674084124e-02
6.100991700737025403e-02
6.100954854293583196e-02
6.100918671576691793e-02
6.100883868380767988e-02
6.100850108630111179e-02
6.100816603099881025e-02
6.100784987721266650e-02
6.100753704313522513e-02
6.100721719129582887e-02
6.100689811577788418e-02
6.100658654003628112e-02
6.100628111894299682e-02
6.100597643944812715e-02
6.100567766242148693e-02
6.100538369007995482e-02
6.100509328390241182e-02
6.100481037557732578e-02
