1.000000000000000000e+00
2.796885973359103938e-01
1.594331639929601474e-01
1.230381789408688809e-01
1.072481573331845184e-01
9.915575446855771913e-02
9.454100384980458627e-02
9.170565694953994318e-02
8.984672986337068068e-02
8.857029684334538633e-02
8.765825411533806344e-02
8.698165139055247241e-02
8.646808981829096075e-02
8.607076627726822915e-02
8.575726333596121742e-02
8.550672492808053526e-02
8.530353918147727532e-02
8.513557173055849581e-02
8.499551743071223631e-02
8.487721868227443567e-02
8.477667811825613520e-02
8.468975430643159441e-02
8.461452461936508351e-02
8.454821321973038373e-02
8.448924988092733346e-02
8.443685793253369321e-02
8.438972726169691185e-02
8.434718726991145832e-02
8.430844827364460115e-02
8.427333520036034420e-02
8.424147047949746836e-02
8.421240257233381099e-02
8.418598937404117577e-02
8.416174910320663172e-02
8.413949190072189666e-02
8.411902825570176379e-02
8.410037819615653887e-02
8.408311827504892644e-02
8.406713838012176698e-02
8.405221327581524626e-02
8.403835849231026944e-02
8.402551967134767874e-02
8.401357145243436297e-02
8.400242317443439022e-02
8.399193270144968138e-02
8.398207833523739507e-02
8.397278896529505876e-02
8.396400533057145343e-02
8.395570737207336265e-02
8.394789760837984005e-02
8.394052587353252604e-02
8.393357744462091874e-02
8.392700248337102431e-02
8.392078753197944330e-02
8.391487832638679090e-02
8.390922308415452169e-02
8.390384645184653656e-02
8.389870794034685886e-02
8.389386520635969124e-02
8.388922654841141080e-02
8.388482850264183943e-02
8.388062663663586882e-02
8.387660846660011105e-02
8.387275029475289856e-02
8.386906896484992713e-02
8.386557973447548997e-02
8.386224772105024816e-02
8.385903327966941212e-02
8.385596195615888093e-02
8.385295420063836047e-02
8.385003195809299925e-02
8.384721253604211777e-02
8.384450449991120990e-02
8.384189874960729094e-02
8.383939440784790587e-02
8.383699600041930045e-02
8.383470100258293145e-02
8.383246603584221246e-02
8.383029374551667634e-02
8.382820578002249390e-02
8.382618317030254840e-02
8.382423453509152411e-02
8.382234115130184071e-02
8.382052186140681593e-02
8.381874758045830542e-02
8.381703798664881522e-02
8.381536812398057701e-02
8.381373785408070820e-02
8.381218361746815837e-02
8.381065216449512523e-02
8.380917272775442739e-02
8.380774370910218374e-02
8.380635974722039361e-02
8.380501314852821515e-02
8.380370915108890928e-02
8.380241405785626707e-02
8.380116239787925581e-02
8.379995569693908519e-02
8.379878809399883555e-02
8.379763996258442205e-02
