1.000000000000000000e+00
2.618748770865186315e-01
1.503716028074189581e-01
1.162833130116139035e-01
1.014091211946838156e-01
9.376113495386476093e-02
8.942090693307840066e-02
8.677101534529634008e-02
8.504763139122302473e-02
8.387246662837966049e-02
8.303605473382873192e-02
8.241998818268297944e-02
8.195411227124239917e-02
8.159362970045493102e-02
8.130877672450666227e-02
8.107956844108811512e-02
8.089325962012688942e-02
8.073910567851345921e-02
8.060984629801311308e-02
8.049952508961709385e-02
8.040526681598567094e-02
8.032352869052848676e-02
8.025246257166017416e-02
8.018970445362107180e-02
8.013393467794230340e-02
8.008455600093127014e-02
8.004022526771190083e-02
8.000040777944703030e-02
7.996450146985975560e-02
7.993191551744777135e-02
7.990222596286429557e-02
7.987503293424093320e-02
7.985027370757484533e-02
7.982754066359470935e-02
7.980664942762095981e-02
7.978742147116466010e-02
7.976966704347596138e-02
7.975312605539952582e-02
7.973774458263757636e-02
7.972339485015818294e-02
7.970996111810625673e-02
7.969735827490170843e-02
7.968556315764327436e-02
7.967452449305781337e-02
7.966408642107547511e-02
7.965426795064529941e-02
7.964497342887316700e-02
7.963619540049418632e-02
7.962789125306683757e-02
7.962002583944918777e-02
7.961256429772962939e-02
7.960546237842502926e-02
7.959871813672930729e-02
7.959230022009305960e-02
7.958614809826192182e-02
7.958026203246568175e-02
7.957466642281627034e-02
7.956931479016943198e-02
7.956418591413348673e-02
7.955927579638527591e-02
7.955457070302052180e-02
7.955005105397033871e-02
7.954571924909084601e-02
7.954154235482827073e-02
7.953752075958984979e-02
7.953365234755675750e-02
7.952992754984483659e-02
7.952633608273200483e-02
7.952286977590883321e-02
7.951950896141123104e-02
7.951626766756746123e-02
7.951309965308810124e-02
7.951004287992179120e-02
7.950710547301265141e-02
7.950426182915645845e-02
7.950151297150576113e-02
7.949885573869479305e-02
7.949627367374823006e-02
7.949377737311737191e-02
7.949136437626483365e-02
7.948901937528095318e-02
7.948674407165903788e-02
7.948454208768986062e-02
7.948241012498440117e-02
7.948033478713122102e-02
7.947831702706099899e-02
7.947635178226497565e-02
7.947443546297876249e-02
7.947257653667472166e-02
7.947077022686299674e-02
7.946900057065718614e-02
7.946728009271633586e-02
7.946560420247951451e-02
7.946397047892207743e-02
7.946237651656389012e-02
7.946080532025313892e-02
7.945928079030581404e-02
7.945780322875600765e-02
7.945636152241093708e-02
7.945496017546792300e-02
